24.11290323
22.97857143
21.59032258
16.18333333
16.1483871
10.84333333
10.66129032
14.24032258
14.17166667
18.60483871
21.285
22.46612903
23.40483871
23.10714286
24.07258065
16.60166667
13.38548387
11.76333333
8.448387097
12.47258065
14.755
16.70322581
21.58333333
22.9516129
24.36612903
24.66607143
20.81935484
19.57
14.67258065
12.375
12.99032258
11.6
13.60833333
15.64677419
18.04833333
22.03548387
24.49032258
23.21551724
19.97096774
17.36
15.26774194
9.371666667
10.78387097
12.12096774
14.31
15.60483871
18.64
22.7516129
25.90967742
24.875
19.33387097
17.37333333
13.16129032
15.60166667
10.26129032
12.70967742
13.76833333
18.25645161
20.44666667
21.44193548
24.30806452
22.03214286
20.71935484
18.06666667
15.72096774
12.83666667
12.37258065
11.23064516
13.01666667
15.97580645
20.325
21.8016129
24.47741935
23.79642857
20.53225806
18.00666667
17.52096774
7.863333333
10.40483871
11.59032258
15.28166667
17.94032258
21.31833333
24.93387097
24.42580645
23.93793103
21.57580645
15.97833333
13.55645161
11.75166667
13.46612903
13.91612903
14.84333333
17.16451613
22.33666667
22.56290323
24.40806452
23.975
22.06451613
18.77833333
15.15322581
12.57833333
13.14354839
11.34516129
15.44666667
16.60645161
20.72166667
25.04354839
24.35483871
25.45892857
22.74032258
20.66333333
14.64516129
11.2
11.89354839
12.72258065
16.52666667
16.56129032
18.705
22.72741935
23.53225806
21.52857143
21.55806452
16.10333333
13.39677419
9.298333333
12.92258065
14.34354839
16.25833333
17.46290323
21.99
24.39354839
25.49032258
23.90517241
20.76935484
18.27833333
16.49193548
13.20166667
10.93870968
11.75645161
15.45666667
16.33387097
19.21
22.84032258
23.73387097
23.06428571
22.74032258
17.3
13.8
12.85333333
10.38548387
12.41935484
14.535
17.49032258
18.93833333
22.93387097
24.38064516
22.28928571
22.36290323
19.10166667
15.78870968
11.17166667
13.32096774
11.97258065
13.12
17.22096774
19.96833333
22.0983871
24.13870968
23.8125
21.37903226
18.45333333
15.8483871
13.97166667
9.969354839
11.71935484
15.045
17.36612903
20.56333333
24.83064516
24.06612903
23.85689655
19.07419355
17.10666667
15.33709677
10.58166667
11.46129032
12.0516129
14.505
16.89032258
19.74666667
22.26612903
25.24032258
23.04464286
21.25
18.51
13.12903226
12.50666667
11.88548387
12.62419355
15.70666667
19.16774194
20.815
23.88870968
23.63064516
22.63035714
21.8483871
17.33666667
14.64677419
10.91333333
13.05322581
11.99032258
15.28
18.02903226
20.25
23.43709677
25.25322581
25.39285714
21.52741935
17.68
14.32419355
11.96666667
13.32096774
14.12903226
13.89666667
17.73870968
19.19333333
22.05967742
25.37096774
23.8362069
24.94516129
20.19166667
16.45483871
11.66
10.79516129
12.84193548
15.125
17.35
19.57166667
24.24193548
23.93064516
24.46071429
21.35483871
18.545
17.74354839
10.705
11.28225806
14.54193548
14.15166667
17.47258065
20.26
23.52419355
24.48387097
22.35357143
22.74193548
19.31833333
16.12903226
11.465
11.44516129
13.11290323
15.66
17.57419355
19.43166667
24.66129032
26.21129032
23.64821429
21.48870968
18.04666667
14.6
10.08166667
10.03387097
12.16451613
13.935
18.52741935
20.65833333
24.01612903
25.61935484
24.20517241
21.92903226
17.13333333
13.92580645
9.611666667
9.540322581
10.95645161
14.27
19.13064516
20.11166667
20.69354839
24.81774194
24.31607143
21.68548387
17.6
15.50483871
13.12833333
12.14677419
12.64193548
14.685
17.20483871
21.25666667
23.01290323
25.12419355
24.4375
20.15645161
18.90666667
14.43688172
13.58666667
12.14677419
12.35322581
15.70833333
17.85967742
20.02333333
23.48870968
25.77096774
25.10178571
22.46612903
18.70166667
12.55967742
12.41166667
13.32580645
12.06935484
13.61833333
17.31612903
20.83166667
22.19354839
24.71129032
23.06034483
22.6983871
16.335
11.95806452
10.48833333
10.24032258
13.29193548
14.15666667
16.55806452
21.34333333
24.49032258
27.2016129
25.50357143
21.69516129
19.185
15.34516129
12.875
11.14032258
14.65645161
14.15833333
16.8794086
20.32333333
24.8483871
25.96612903
23.35178571
20.64354839
17.705
14.31451613
11.4
10.8483871
15.30645161
13.97333333
19.40483871
21.56666667
21.7483871
23.94516129
22.63392857
23.13709677
17.99333333
16.4483871
11.19333333
10.82580645
13.23548387
16.07166667
16.58709677
19.73833333
23.22096774
24.12258065
24.42241379
23.19354839
17.52166667
14.30322581
13.62166667
8.940322581
13.20483871
14.69333333
18.21129032
18.695
23.29354839
25.9983871
23.15714286
23.34516129
18.85333333
14.51935484
12.11166667
9.946774194
13.18548387
13.81166667
17.92096774
20.18333333
22.61129032
23.54193548
24.09285714
22.02096774
17.73
16.35
13.11666667
11.41774194
12.89677419
16.00833333
17.44677419
22.015
25.6
24.45322581
23.375
22.33548387
18.37833333
15.17419355
11.46833333
11.19193548
12.33870968
15.92333333
17.47580645
21.77333333
24.88064516
25.05645161
23.77068966
23.64032258
18.70166667
15.50322581
10.55166667
10.38225806
15.4
14.20166667
18.6
21.99333333
24.80967742
26.61129032
23.49285714
22.81129032
20.3
17.02419355
12.44166667
13.7
14.91451613
14.61
17.6016129
20.27666667
21.82419355
23.16612903
21.975
21.07419355
18.39333333
15.67903226
12.61166667
13.24516129
12.93064516
14.02166667
18.73870968
20.70833333
23.05645161
22.73870968
23.34107143
22.96935484
16.61
14.6983871
11.65833333
11.26129032
13.51774194
15.595
17.88870968
20.74333333
24.02419355
25.83709677
24.67413793
21.99354839
18.63833333
14.40967742
13.185
9.503225806
12.42741935
14.47833333
17.55645161
19.44666667
23.5
25.40806452
25.6
23.10806452
18.48833333
14.20483871
13.05666667
11.55322581
15.67741935
14.86833333
18.08709677
20.245
23.0483871
24.60483871
23.28214286
22.03709677
17.31833333
16.60483871
10.875
11.3516129
14.39516129
14.93666667
19.48709677
21.47
22.76129032
25.42741935
23.45535714
22.53870968
17.55833333
15.32903226
12.915
11.14354839
12.01612903
14.48333333
19.01290323
20.385
21.76935484
25.11612903
23.21896552
23.5516129
20.035
13.37741935
13.48666667
12.24193548
13.83548387
16.08
17.48387097
19.69
23.37096774
25.77258065
24.19464286
21.36290323
17.1
14.78548387
14.05833333
12.56612903
12.95
14.12166667
17.06612903
22.52333333
22.30645161
24.70645161
24.10357143
20.56129032
18.985
13.88548387
13.12333333
14.2516129
12.37580645
15.60833333
19.68709677
20.535
24.7983871
24.76451613
24.89642857
21.9983871
18.87
12.68225806
10.79
9.332258065
10.23225806
17.03166667
19.05645161
18.82333333
23.63225806
25.61774194
25.28965517
22.0983871
18.995
15.68870968
11.77833333
14.16935484
12.83548387
14.57333333
18.25806452
24.74166667
24.29032258
25.86451613
24.64285714
23.59032258
19.66833333
16.37096774
11.58166667
10.80806452
15.77419355
13.62666667
17.8
21.145
22.57096774
26.01612903
24.1875
23.03548387
17.99666667
15.8983871
12.84666667
11.15483871
11.90322581
15.25
17.02741935
20.84
25.10483871
25.78387097
23.95
22.50322581
18.89166667
14.86290323
12.03666667
11.14354839
11.39677419
16.12
17.29516129
22.60166667
22.89354839
26.26612903
24.88103448
21.7
18.05833333
16.88870968
12.25
9.830645161
13.72258065
15.665
18.30806452
22.37833333
24.52741935
25.21290323
24.14821429
20.30483871
19.11
15.02096774
12.83166667
11.98064516
12.66935484
14.40166667
18.45967742
21.11333333
27.01935484
25.93709677
22.95178571
20.70483871
18.31333333
14.99193548
12.365
12.37258065
15.33064516
16.085
20.1983871
20.90166667
23.4483871
24.30322581
24.72678571
22.95322581
20.72833333
16.81451613
13.50666667
12.70483871
15.04354839
14.65
15.90806452
20.16666667
24.8483871
26.14516129
26.0637931
21.17258065
17.305
12.59354839
10.59333333
10.96451613
13.7483871
14.515
17.76935484
21.06833333
25.2516129
25.68709677
25.35178571
22.43225806
18.905
15.88387097
13.65666667
13.40967742
15.17258065
15.935
18.15806452
20.67833333
24.65806452
26.10967742
25.31607143
22.46129032
22.11
16.72580645
11.30166667
10.82096774
12.45645161
17.61333333
17.80645161
21.50166667
22.50322581
25.0016129
24.18571429
21.21612903
19.67833333
16.03225806
14.54333333
11.73709677
12.87741935
15.395
17.50322581
22.73333333
23.72580645
































































